Syntax version=4
Sun Feb 01 15:04:32 2026
Starting process (10000000 clocks per sec)

LogRawData=false
VarHeader=1
D:		MotorL.curOmega_Rad	MotorR.curOmega_Rad
D:	time(ms)	(0x20000114,6)	(0x20000094,6)
D:	0.08	0.000000	0.000000
D:	1.93	0.000000	0.000000
D:	3.83	0.000000	0.000000
D:	5.63	0.000000	0.000000
D:	7.35	0.000000	0.000000
D:	9.14	0.000000	0.000000
D:	11.23	0.000000	0.000000
D:	13.01	0.000000	0.000000
D:	14.99	0.000000	0.000000
D:	16.80	0.000000	0.000000
D:	18.55	0.000000	0.000000
D:	20.36	0.000000	0.000000
D:	22.11	0.000000	0.000000
D:	23.89	0.000000	0.000000
D:	25.64	0.000000	0.000000
D:	27.38	0.000000	0.000000
D:	29.16	0.000000	0.000000
D:	30.93	0.000000	0.000000
D:	32.78	0.000000	0.000000
D:	34.56	0.000000	0.000000
D:	36.30	0.000000	0.000000
D:	38.05	0.000000	0.000000
D:	39.78	0.000000	0.000000
D:	41.49	0.000000	0.000000
D:	43.24	0.000000	0.000000
D:	45.00	0.000000	0.000000
D:	46.79	0.000000	0.000000
D:	48.59	0.000000	0.000000
D:	50.43	0.000000	0.000000
D:	52.26	0.000000	0.000000
D:	54.04	0.000000	0.000000
D:	55.80	0.000000	0.000000
D:	57.55	0.000000	0.000000
D:	59.27	0.000000	0.000000
D:	61.05	0.000000	0.000000
D:	62.80	0.000000	0.000000
D:	64.58	0.000000	0.000000
D:	66.38	0.000000	0.000000
D:	68.22	0.000000	0.000000
D:	69.97	0.000000	0.000000
D:	71.65	0.000000	0.000000
D:	73.43	0.000000	0.000000
D:	75.26	0.000000	0.000000
D:	77.03	0.000000	0.000000
D:	78.87	0.000000	0.000000
D:	80.71	0.000000	0.000000
D:	82.65	0.000000	0.000000
D:	84.51	0.000000	0.000000
D:	86.29	0.000000	0.000000
D:	88.02	0.000000	0.000000
D:	89.85	0.000000	0.000000
D:	91.79	0.000000	0.000000
D:	93.55	0.000000	0.000000
D:	95.31	0.000000	0.000000
D:	97.05	0.000000	0.000000
D:	98.89	0.000000	0.000000
D:	100.68	0.000000	0.000000
D:	102.36	0.000000	0.000000
D:	104.08	0.000000	0.000000
D:	105.81	0.000000	0.000000
D:	107.47	0.000000	0.000000
D:	109.21	0.000000	0.000000
D:	111.22	0.000000	0.000000
D:	113.21	0.000000	0.000000
D:	115.15	0.000000	0.000000
D:	117.05	0.000000	0.000000
D:	118.82	0.000000	0.000000
D:	120.58	0.000000	0.000000
D:	122.27	0.000000	0.000000
D:	124.02	0.000000	0.000000
D:	125.80	0.000000	0.000000
D:	127.75	0.000000	0.000000
D:	129.74	0.000000	0.000000
D:	131.77	0.000000	0.000000
D:	133.82	0.000000	0.000000
D:	135.64	0.000000	0.000000
D:	137.37	0.000000	0.000000
D:	139.18	0.000000	0.000000
D:	140.98	0.000000	0.000000
D:	142.87	0.000000	0.000000
D:	144.62	0.000000	0.000000
D:	146.46	0.000000	0.000000
D:	148.28	0.000000	0.000000
D:	150.11	0.000000	0.000000
D:	151.93	0.000000	0.000000
D:	153.78	0.000000	0.000000
D:	155.58	0.000000	0.000000
D:	157.51	0.000000	0.000000
D:	159.53	0.000000	0.000000
D:	161.37	0.000000	0.000000
D:	163.23	0.000000	0.000000
D:	165.07	0.000000	0.000000
D:	166.88	0.000000	0.000000
D:	168.58	0.000000	0.000000
D:	170.34	0.000000	0.000000
D:	172.10	0.000000	0.000000
D:	173.81	0.000000	0.000000
D:	175.53	0.000000	0.000000
D:	177.23	0.000000	0.000000
D:	179.03	0.000000	0.000000
D:	180.77	0.000000	0.000000
D:	182.56	0.000000	0.000000
D:	184.35	0.000000	0.000000
D:	186.16	0.000000	0.000000
D:	187.95	0.000000	0.000000
D:	189.77	0.000000	0.000000
D:	191.52	0.000000	0.000000
D:	193.33	0.000000	0.000000
D:	195.15	0.000000	0.000000
D:	196.89	0.000000	0.000000
D:	198.68	0.000000	0.000000
D:	200.44	0.000000	0.000000
D:	202.44	0.000000	0.000000
D:	204.28	0.000000	0.000000
D:	206.06	0.000000	0.000000
D:	207.98	0.000000	0.000000
D:	209.79	0.000000	0.000000
D:	211.66	0.000000	0.000000
D:	213.46	0.000000	0.000000
D:	215.33	0.000000	0.000000
D:	217.17	0.000000	0.000000
D:	218.97	0.000000	0.000000
D:	220.79	0.000000	0.000000
D:	222.56	0.000000	0.000000
D:	224.35	0.000000	0.000000
D:	226.16	0.000000	0.000000
D:	227.88	0.000000	0.000000
D:	229.63	0.000000	0.000000
D:	231.35	0.000000	0.000000
D:	233.18	0.000000	0.000000
D:	234.90	0.000000	0.000000
D:	236.90	0.000000	0.000000
D:	238.75	0.000000	0.000000
D:	240.53	0.000000	0.000000
D:	242.22	0.000000	0.000000
D:	243.98	0.000000	0.000000
D:	245.77	0.000000	0.000000
D:	247.58	0.000000	0.000000
D:	249.34	0.000000	0.000000
D:	251.20	0.000000	0.000000
D:	253.02	0.000000	0.000000
D:	254.77	0.000000	0.000000
D:	256.51	0.000000	0.000000
D:	258.33	0.000000	0.000000
D:	260.10	0.000000	0.000000
D:	261.86	0.000000	0.000000
D:	263.58	0.000000	0.000000
D:	265.33	0.000000	0.000000
D:	267.18	0.000000	0.000000
D:	268.99	0.000000	0.000000
D:	270.77	0.000000	0.000000
D:	272.52	0.000000	0.000000
D:	274.34	0.000000	0.000000
D:	276.18	0.000000	0.000000
D:	278.05	0.000000	0.000000
D:	279.77	0.000000	0.000000
D:	281.61	0.000000	0.000000
D:	283.46	0.000000	0.000000
D:	285.22	0.000000	0.000000
D:	287.00	0.000000	0.000000
D:	288.76	0.000000	0.000000
D:	290.44	0.000000	0.000000
D:	292.32	0.000000	0.000000
D:	294.16	0.000000	0.000000
D:	295.83	0.000000	0.000000
D:	297.60	0.000000	0.000000
D:	299.41	0.000000	0.000000
D:	301.18	0.000000	0.000000
D:	302.91	0.000000	0.000000
D:	304.64	0.000000	0.000000
D:	306.44	0.000000	0.000000
D:	308.31	0.000000	0.000000
D:	310.18	0.000000	0.000000
D:	311.91	0.000000	0.000000
D:	313.78	0.000000	0.000000
D:	315.54	0.000000	0.000000
D:	317.36	0.000000	0.000000
D:	319.10	0.000000	0.000000
D:	320.87	0.000000	0.000000
D:	322.62	0.000000	0.000000
D:	324.32	0.000000	0.000000
D:	326.10	0.000000	0.000000
D:	327.88	0.000000	0.000000
D:	329.64	0.000000	0.000000
D:	331.45	0.000000	0.000000
D:	333.19	0.000000	0.000000
D:	334.97	0.000000	0.000000
D:	336.64	0.000000	0.000000
D:	338.33	0.000000	0.000000
D:	340.06	0.000000	0.000000
D:	341.84	0.000000	0.000000
D:	343.61	0.000000	0.000000
D:	345.41	0.000000	0.000000
D:	347.38	0.000000	0.000000
D:	349.23	0.000000	0.000000
D:	351.02	0.000000	0.000000
D:	352.81	0.000000	0.000000
D:	354.54	0.000000	0.000000
D:	356.27	0.000000	0.000000
D:	357.97	0.000000	0.000000
D:	359.78	0.000000	0.000000
D:	361.49	0.000000	0.000000
D:	363.19	0.000000	0.000000
D:	364.96	0.000000	0.000000
D:	366.77	0.000000	0.000000
D:	368.51	0.000000	0.000000
D:	370.22	0.000000	0.000000
D:	372.09	0.000000	0.000000
D:	373.81	0.000000	0.000000
D:	375.60	0.000000	0.000000
D:	377.43	0.000000	0.000000
D:	379.23	0.000000	0.000000
D:	381.07	0.000000	0.000000
D:	383.10	0.000000	0.000000
D:	385.10	0.000000	0.000000
D:	386.92	0.000000	0.000000
D:	388.68	0.000000	0.000000
D:	390.52	0.000000	0.000000
D:	392.35	0.000000	0.000000
D:	394.19	0.000000	0.000000
D:	396.01	0.000000	0.000000
D:	397.90	0.000000	0.000000
D:	399.77	0.000000	0.000000
D:	401.51	0.000000	0.000000
D:	403.24	0.000000	0.000000
D:	404.96	0.000000	0.000000
D:	406.93	0.000000	0.000000
D:	408.81	0.000000	0.000000
D:	410.57	0.000000	0.000000
D:	412.30	0.000000	0.000000
D:	414.05	0.000000	0.000000
D:	415.79	0.000000	0.000000
D:	417.61	0.000000	0.000000
D:	419.33	0.000000	0.000000
D:	421.08	0.000000	0.000000
D:	422.88	0.000000	0.000000
D:	424.61	0.000000	0.000000
D:	426.33	0.000000	0.000000
D:	428.01	0.000000	0.000000
D:	429.67	0.000000	0.000000
D:	431.54	0.000000	0.000000
D:	433.32	0.000000	0.000000
D:	435.04	0.000000	0.000000
D:	436.78	0.000000	0.000000
D:	438.57	0.000000	0.000000
D:	440.31	0.000000	0.000000
D:	442.25	0.000000	0.000000
D:	444.19	0.000000	0.000000
D:	446.07	0.000000	0.000000
D:	447.81	0.000000	0.000000
D:	449.55	0.000000	0.000000
D:	451.25	0.000000	0.000000
D:	453.24	0.000000	0.000000
D:	455.24	0.000000	0.000000
D:	457.22	0.000000	0.000000
D:	459.25	0.000000	0.000000
D:	461.26	0.000000	0.000000
D:	463.21	0.000000	0.000000
D:	465.06	0.000000	0.000000
D:	467.04	0.000000	0.000000
D:	468.88	0.000000	0.000000
D:	470.58	0.000000	0.000000
D:	472.31	0.000000	0.000000
D:	474.00	0.000000	0.000000
D:	475.77	0.000000	0.000000
D:	477.48	0.000000	0.000000
D:	479.21	0.000000	0.000000
D:	481.04	0.000000	0.000000
D:	483.15	0.000000	0.000000
D:	485.22	0.000000	0.000000
D:	487.24	0.000000	0.000000
D:	489.00	0.000000	0.000000
D:	490.66	0.000000	0.000000
D:	492.40	0.000000	0.000000
D:	494.16	0.000000	0.000000
D:	495.86	0.000000	0.000000
D:	497.61	0.000000	0.000000
D:	499.58	0.000000	0.000000
D:	501.36	0.000000	0.000000
D:	503.16	0.000000	0.000000
D:	504.92	0.000000	0.000000
D:	506.66	0.000000	0.000000
D:	508.42	0.000000	0.000000
D:	510.19	0.000000	0.000000
D:	512.02	0.000000	0.000000
D:	513.76	0.000000	0.000000
D:	515.59	0.000000	0.000000
D:	517.49	0.000000	0.000000
D:	519.39	0.000000	0.000000
D:	521.17	0.000000	0.000000
D:	522.90	0.000000	0.000000
D:	524.68	0.000000	0.000000
D:	526.59	0.000000	0.000000
D:	528.36	0.000000	0.000000
D:	530.16	0.000000	0.000000
D:	532.06	0.000000	0.000000
D:	534.02	0.000000	0.000000
D:	536.03	0.000000	0.000000
D:	537.91	0.000000	0.000000
D:	539.75	0.000000	0.000000
D:	541.70	0.000000	0.000000
D:	543.65	0.000000	0.000000
D:	545.46	0.000000	0.000000
D:	547.24	0.000000	0.000000
D:	549.06	0.000000	0.000000
D:	550.88	0.000000	0.000000
D:	552.62	0.000000	0.000000
D:	554.30	0.000000	0.000000
D:	556.09	0.000000	0.000000
D:	557.82	0.000000	0.000000
D:	559.59	0.000000	0.000000
D:	561.42	0.000000	0.000000
D:	563.26	0.000000	0.000000
D:	565.01	0.000000	0.000000
D:	566.83	0.000000	0.000000
D:	568.55	0.000000	0.000000
D:	570.29	0.000000	0.000000
D:	572.01	0.000000	0.000000
D:	573.77	0.000000	0.000000
D:	575.50	0.000000	0.000000
D:	577.19	0.000000	0.000000
D:	579.03	0.000000	0.000000
D:	580.77	0.000000	0.000000
D:	582.55	0.000000	0.000000
D:	584.26	0.000000	0.000000
D:	586.01	0.000000	0.000000
D:	587.77	0.000000	0.000000
D:	589.46	0.000000	0.000000
D:	591.24	0.000000	0.000000
D:	593.04	0.000000	0.000000
D:	594.83	0.000000	0.000000
D:	596.57	0.000000	0.000000
D:	598.32	0.000000	0.000000
D:	600.16	0.000000	0.000000
D:	601.88	0.000000	0.000000
D:	603.62	0.000000	0.000000
D:	605.35	0.000000	0.000000
D:	607.17	0.000000	0.000000
D:	609.14	0.000000	0.000000
D:	610.92	0.000000	0.000000
D:	612.62	0.000000	0.000000
D:	614.34	0.000000	0.000000
D:	616.37	0.000000	0.000000
D:	618.15	0.000000	0.000000
D:	619.90	0.000000	0.000000
D:	621.64	0.000000	0.000000
D:	623.44	0.000000	0.000000
D:	625.26	0.000000	0.000000
D:	627.06	0.000000	0.000000
D:	628.80	0.000000	0.000000
D:	630.75	0.000000	0.000000
D:	632.69	0.000000	0.000000
D:	634.50	0.000000	0.000000
D:	636.18	1.220629	0.000000
D:	638.00	1.220629	1.220629
D:	639.68	1.220629	1.220629
D:	641.53	1.220629	1.220629
D:	643.44	1.220629	1.220629
D:	645.25	3.906011	1.220629
D:	646.99	3.906011	3.906011
D:	648.94	3.906011	3.906011
D:	650.78	3.906011	3.906011
D:	652.52	3.906011	3.906011
D:	654.26	3.906011	3.906011
D:	656.07	6.151968	3.906011
D:	657.88	6.151968	6.396093
D:	659.63	6.151968	6.396093
D:	661.43	6.151968	6.396093
D:	663.26	6.151968	6.396093
D:	665.08	6.151968	6.396093
D:	666.92	8.065912	7.870613
D:	668.92	8.065912	7.870613
D:	670.78	8.065912	7.870613
D:	672.65	8.065912	7.870613
D:	674.65	8.065912	7.870613
D:	676.47	9.425205	8.897894
D:	678.25	9.425205	8.897894
D:	680.03	9.425205	8.897894
D:	681.91	9.425205	8.897894
D:	683.77	9.425205	8.897894
D:	685.51	10.185315	8.897894
D:	687.30	10.185315	9.835726
D:	689.04	10.185315	9.835726
D:	690.77	10.185315	9.835726
D:	692.53	10.185315	9.835726
D:	694.26	10.185315	9.835726
D:	696.01	10.825588	9.835726
D:	697.78	10.825588	10.267419
D:	699.47	10.825588	10.267419
D:	701.21	10.825588	10.267419
D:	703.07	10.825588	10.267419
D:	704.88	10.825588	10.267419
D:	706.55	10.953643	10.597883
D:	708.33	10.953643	10.597883
D:	710.08	10.953643	10.597883
D:	711.88	10.953643	10.597883
D:	713.59	10.953643	10.597883
D:	715.43	11.467505	10.597883
D:	717.05	11.467505	10.908102
D:	718.80	11.467505	10.908102
D:	720.51	11.467505	10.908102
D:	722.30	11.467505	10.908102
D:	724.08	11.467505	10.908102
D:	725.82	11.570278	10.908102
D:	727.55	11.570278	10.970146
D:	729.38	11.570278	10.970146
D:	731.25	11.570278	10.970146
D:	733.15	11.570278	10.970146
D:	735.03	11.570278	10.970146
D:	736.80	12.079084	11.226680
D:	738.54	12.079084	11.226680
D:	740.31	12.079084	11.226680
D:	742.17	12.079084	11.226680
D:	744.04	12.079084	11.226680
D:	745.89	11.692595	11.226680
D:	747.66	11.692595	11.033861
D:	749.48	11.692595	11.033861
D:	751.31	11.692595	11.033861
D:	753.07	11.692595	11.033861
D:	755.04	11.692595	11.033861
D:	757.03	12.103548	11.483549
D:	758.81	12.103548	11.483549
D:	760.54	12.103548	11.483549
D:	762.33	12.103548	11.483549
D:	764.19	12.103548	11.483549
D:	765.98	12.185739	11.483549
D:	767.79	12.185739	11.085236
D:	769.56	12.185739	11.085236
D:	771.29	12.185739	11.085236
D:	773.08	12.185739	11.085236
D:	774.83	12.185739	11.085236
D:	776.57	12.202177	11.493824
D:	778.32	12.202177	11.493824
D:	780.19	12.202177	11.493824
D:	782.12	12.202177	11.493824
D:	783.90	12.202177	11.493824
D:	785.64	11.961338	11.493824
D:	787.42	11.961338	11.331415
D:	789.28	11.961338	11.331415
D:	791.06	11.961338	11.331415
D:	792.83	11.961338	11.331415
D:	794.63	11.961338	11.331415
D:	796.38	12.157296	11.298934
D:	798.31	12.157296	11.298934
D:	800.20	12.157296	11.298934
D:	802.03	12.157296	11.298934
D:	803.77	12.157296	11.298934
D:	805.51	12.196488	11.298934
D:	807.29	12.196488	11.536564
D:	809.06	12.196488	11.536564
D:	810.88	12.196488	11.536564
D:	812.65	12.196488	11.536564
D:	814.41	12.196488	11.536564
D:	816.29	12.204327	11.339964
D:	818.07	12.204327	11.339964
D:	819.84	12.204327	11.339964
D:	821.53	12.204327	11.339964
D:	823.51	12.204327	11.339964
D:	825.23	12.204327	11.339964
D:	826.99	12.205894	11.300644
D:	828.77	12.205894	11.300644
D:	830.52	12.205894	11.300644
D:	832.28	12.205894	11.300644
D:	834.14	12.205894	11.300644
D:	835.89	12.450333	11.300644
D:	837.63	12.450333	11.292780
D:	839.39	12.450333	11.292780
D:	841.20	12.450333	11.292780
D:	843.06	12.450333	11.292780
D:	844.82	12.450333	11.292780
D:	846.56	12.255095	11.291206
D:	848.24	12.255095	11.291206
D:	850.08	12.255095	11.291206
D:	851.80	12.255095	11.291206
D:	853.57	12.255095	11.291206
D:	855.31	12.216048	11.291206
D:	857.01	12.216048	11.535019
D:	858.77	12.216048	11.535019
D:	860.50	12.216048	11.535019
D:	862.27	12.216048	11.535019
D:	863.97	12.216048	11.535019
D:	865.85	12.208239	11.535019
D:	867.65	12.208239	11.339655
D:	869.40	12.208239	11.339655
D:	871.20	12.208239	11.339655
D:	872.96	12.208239	11.339655
D:	874.77	12.208239	11.339655
D:	876.50	12.206676	11.544708
D:	878.25	12.206676	11.544708
D:	879.99	12.206676	11.544708
D:	881.81	12.206676	11.544708
D:	883.66	12.206676	11.544708
D:	885.38	12.206364	11.544708
D:	887.14	12.206364	11.341593
D:	889.13	12.206364	11.341593
D:	890.94	12.206364	11.341593
D:	892.68	12.206364	11.341593
D:	894.43	12.206364	11.341593
D:	896.19	12.206302	11.300969
D:	898.20	12.206302	11.300969
D:	900.03	12.206302	11.300969
D:	901.77	12.206302	11.300969
D:	903.63	12.206302	11.300969
D:	905.38	12.450415	11.300969
D:	907.25	12.450415	11.292845
D:	909.17	12.450415	11.292845
D:	911.01	12.450415	11.292845
D:	912.78	12.450415	11.292845
D:	914.62	12.450415	11.292845
D:	916.45	12.255112	11.535346
D:	918.25	12.255112	11.535346
D:	920.12	12.255112	11.535346
D:	922.12	12.255112	11.535346
D:	924.19	12.255112	11.535346
D:	925.97	12.460176	11.535346
D:	927.78	12.460176	11.339720
D:	929.58	12.460176	11.339720
D:	931.39	12.460176	11.339720
D:	933.31	12.460176	11.339720
D:	935.35	12.257064	11.339720
D:	937.17	12.257064	11.544722
D:	939.01	12.257064	11.544722
D:	940.89	12.257064	11.544722
D:	942.74	12.257064	11.544722
D:	944.46	12.257064	11.544722
D:	946.19	12.216442	11.341595
D:	948.04	12.216442	11.341595
D:	949.76	12.216442	11.341595
D:	951.36	12.216442	11.341595
D:	952.96	12.216442	11.341595
D:	954.55	12.216442	11.341595
D:	956.29	12.208317	11.300970
D:	958.31	12.208317	11.300970
D:	960.29	12.208317	11.300970
D:	962.21	12.208317	11.300970
D:	964.20	12.208317	11.300970
D:	966.06	12.206692	11.300970
D:	968.03	12.206692	11.536971
D:	970.10	12.206692	11.536971
D:	971.92	12.206692	11.536971
D:	973.67	12.206692	11.536971
D:	975.42	12.206367	11.536971
D:	977.24	12.206367	11.340045
D:	979.00	12.206367	11.340045
D:	980.77	12.206367	11.340045
D:	982.55	12.206367	11.340045
D:	984.36	12.206367	11.340045
D:	986.16	12.450428	11.340045
D:	987.93	12.450428	11.300660
D:	989.77	12.450428	11.300660
D:	991.53	12.450428	11.300660
D:	993.30	12.450428	11.300660
D:	995.03	12.450428	11.300660
D:	996.84	12.255115	11.536909
D:	998.85	12.255115	11.536909
D:	1000.69	12.255115	11.536909
D:	1002.40	12.255115	11.536909
D:	1004.22	12.255115	11.536909
D:	1006.02	12.460177	11.536909
D:	1007.78	12.460177	11.340033
D:	1009.56	12.460177	11.340033
D:	1011.31	12.460177	11.340033
D:	1013.09	12.460177	11.340033
D:	1014.90	12.460177	11.340033
D:	1016.79	12.257065	11.544784
D:	1018.59	12.257065	11.544784
D:	1020.33	12.257065	11.544784
D:	1022.06	12.257065	11.544784
D:	1023.82	12.257065	11.544784
D:	1025.55	12.216442	11.544784
D:	1027.32	12.216442	11.341608
D:	1029.16	12.216442	11.341608
D:	1031.05	12.216442	11.341608
D:	1032.89	12.216442	11.341608
D:	1034.75	12.216442	11.341608
D:	1036.55	12.208317	11.300972
D:	1038.28	12.208317	11.300972
D:	1040.06	12.208317	11.300972
D:	1041.82	12.208317	11.300972
D:	1043.55	12.208317	11.300972
D:	1045.32	12.206692	11.300972
D:	1047.17	12.206692	11.536972
D:	1049.12	12.206692	11.536972
D:	1050.99	12.206692	11.536972
D:	1052.81	12.206692	11.536972
D:	1054.79	12.206692	11.536972
D:	1056.58	12.450493	11.340045
D:	1058.56	12.450493	11.340045
D:	1060.49	12.450493	11.340045
D:	1062.55	12.450493	11.340045
D:	1064.41	12.450493	11.340045
D:	1066.32	12.255127	11.300660
D:	1068.15	12.255127	11.300660
D:	1070.01	12.255127	11.300660
D:	1071.78	12.255127	11.300660
D:	1073.75	12.255127	11.300660
D:	1075.55	12.460179	11.300660
D:	1077.38	12.460179	11.536909
D:	1079.19	12.460179	11.536909
D:	1081.03	12.460179	11.536909
D:	1082.90	12.460179	11.536909
D:	1084.78	12.460179	11.536909
D:	1086.54	12.257065	11.340033
D:	1088.32	12.257065	11.340033
D:	1090.13	12.257065	11.340033
D:	1091.91	12.257065	11.340033
D:	1093.77	12.257065	11.340033
D:	1095.47	12.216442	11.340033
D:	1097.26	12.216442	11.300657
D:	1099.06	12.216442	11.300657
D:	1100.88	12.216442	11.300657
D:	1102.66	12.216442	11.300657
D:	1104.44	12.216442	11.300657
D:	1106.22	12.208317	11.300657
D:	1108.06	12.208317	11.536909
D:	1109.82	12.208317	11.536909
D:	1111.53	12.208317	11.536909
D:	1113.29	12.208317	11.536909
D:	1115.15	12.208317	11.536909
D:	1116.93	12.206692	11.340033
D:	1118.65	12.206692	11.340033
D:	1120.41	12.206692	11.340033
D:	1122.21	12.206692	11.340033
D:	1124.00	12.206692	11.340033
D:	1125.77	12.450493	11.340033
D:	1127.50	12.450493	11.300657
D:	1129.24	12.450493	11.300657
D:	1131.03	12.450493	11.300657
D:	1132.82	12.450493	11.300657
D:	1134.59	12.450493	11.300657
D:	1136.36	12.499252	11.536909
D:	1138.18	12.499252	11.536909
D:	1140.05	12.499252	11.536909
D:	1141.88	12.499252	11.536909
D:	1143.68	12.499252	11.536909
D:	1145.45	12.264879	11.536909
D:	1147.23	12.264879	11.340033
D:	1149.05	12.264879	11.340033
D:	1150.81	12.264879	11.340033
D:	1152.54	12.264879	11.340033
D:	1154.33	12.264879	11.340033
D:	1156.08	12.218004	11.340033
D:	1157.83	12.218004	11.300657
D:	1159.54	12.218004	11.300657
D:	1161.28	12.218004	11.300657
D:	1163.04	12.218004	11.300657
D:	1164.94	12.218004	11.300657
D:	1166.77	12.208630	11.536909
D:	1168.50	12.208630	11.536909
D:	1170.41	12.208630	11.536909
D:	1172.23	12.208630	11.536909
D:	1173.96	12.208630	11.536909
D:	1175.77	12.206755	11.536909
D:	1177.54	12.206755	11.340033
D:	1179.29	12.206755	11.340033
D:	1181.03	12.206755	11.340033
D:	1182.80	12.206755	11.340033
D:	1184.47	12.206755	11.340033
D:	1186.24	12.206380	11.300657
D:	1188.01	12.206380	11.300657
D:	1189.76	12.206380	11.300657
D:	1191.53	12.206380	11.300657
D:	1193.29	12.206380	11.300657
D:	1195.05	12.206380	11.300657
D:	1196.81	12.450430	11.536909
D:	1198.60	12.450430	11.536909
D:	1200.56	12.450430	11.536909
D:	1202.31	12.450430	11.536909
D:	1204.06	12.450430	11.536909
D:	1205.82	12.499240	11.536909
D:	1207.58	12.499240	11.340033
D:	1209.31	12.499240	11.340033
D:	1211.02	12.499240	11.340033
D:	1212.83	12.499240	11.340033
D:	1214.54	12.499240	11.340033
D:	1216.31	12.264877	11.300657
D:	1218.23	12.264877	11.300657
D:	1220.01	12.264877	11.300657
D:	1221.80	12.264877	11.300657
D:	1223.55	12.264877	11.300657
D:	1225.48	12.218004	11.300657
D:	1227.26	12.218004	11.536909
D:	1229.02	12.218004	11.536909
D:	1230.77	12.218004	11.536909
D:	1232.59	12.218004	11.536909
D:	1234.41	12.218004	11.536909
D:	1236.20	12.208630	11.340033
D:	1238.09	12.208630	11.340033
D:	1240.11	12.208630	11.340033
D:	1241.88	12.208630	11.340033
D:	1243.61	12.208630	11.340033
D:	1245.30	12.206755	11.340033
D:	1247.02	12.206755	11.300657
D:	1248.84	12.206755	11.300657
D:	1250.68	12.206755	11.300657
D:	1252.45	12.206755	11.300657
D:	1254.22	12.206755	11.300657
D:	1256.00	12.450505	11.300657
D:	1257.77	12.450505	11.536909
D:	1259.58	12.450505	11.536909
D:	1261.29	12.450505	11.536909
D:	1263.03	12.450505	11.536909
D:	1264.61	12.450505	11.536909
D:	1266.38	12.255130	11.340033
D:	1268.27	12.255130	11.340033
D:	1270.02	12.255130	11.340033
D:	1271.80	12.255130	11.340033
D:	1273.54	12.255130	11.340033
D:	1275.31	12.460180	11.340033
D:	1277.14	12.460180	11.544784
D:	1278.92	12.460180	11.544784
D:	1280.78	12.460180	11.544784
D:	1282.67	12.460180	11.544784
D:	1284.48	12.460180	11.544784
D:	1286.26	12.257065	11.341608
D:	1288.08	12.257065	11.341608
D:	1289.88	12.257065	11.341608
D:	1291.56	12.257065	11.341608
D:	1293.33	12.257065	11.341608
D:	1295.03	12.257065	11.341608
D:	1296.59	12.216442	11.300972
D:	1298.15	12.216442	11.300972
D:	1299.76	12.216442	11.300972
D:	1301.33	12.216442	11.300972
D:	1302.90	12.216442	11.300972
D:	1304.47	12.216442	11.300972
D:	1306.07	12.208317	11.300972
D:	1307.65	12.208317	11.292845
D:	1309.23	12.208317	11.292845
D:	1310.80	12.208317	11.292845
D:	1312.36	12.208317	11.292845
D:	1313.95	12.208317	11.292845
D:	1315.63	12.206692	11.292845
D:	1317.26	12.206692	11.535346
D:	1318.93	12.206692	11.535346
D:	1320.50	12.206692	11.535346
D:	1322.07	12.206692	11.535346
D:	1323.64	12.206692	11.535346
D:	1325.36	12.450493	11.535346
D:	1326.96	12.450493	11.339720
D:	1328.52	12.450493	11.339720
D:	1330.06	12.450493	11.339720
D:	1331.64	12.450493	11.339720
D:	1333.28	12.450493	11.339720
D:	1334.87	12.450493	11.339720
D:	1336.48	12.499252	11.544722
D:	1338.05	12.499252	11.544722
D:	1339.62	12.499252	11.544722
D:	1341.20	12.499252	11.544722
D:	1342.76	12.499252	11.544722
D:	1344.33	12.499252	11.544722
D:	1345.96	12.264879	11.544722
D:	1347.55	12.264879	11.341595
D:	1349.17	12.264879	11.341595
D:	1350.81	12.264879	11.341595
D:	1352.38	12.264879	11.341595
D:	1353.98	12.264879	11.341595
D:	1355.75	12.218004	11.341595
D:	1357.36	12.218004	11.545096
D:	1358.99	12.218004	11.545096
D:	1360.55	12.218004	11.545096
D:	1362.10	12.218004	11.545096
D:	1363.83	12.218004	11.545096
D:	1365.70	12.208630	11.545096
D:	1367.50	12.208630	11.341670
D:	1369.27	12.208630	11.341670
D:	1371.03	12.208630	11.341670
D:	1372.77	12.208630	11.341670
D:	1374.68	12.208630	11.341670
D:	1376.47	12.206755	11.300985
D:	1378.28	12.206755	11.300985
D:	1380.05	12.206755	11.300985
D:	1381.80	12.206755	11.300985
D:	1383.61	12.206755	11.300985
D:	1385.40	12.450505	11.300985
D:	1387.17	12.450505	11.536974
D:	1388.97	12.450505	11.536974
D:	1390.68	12.450505	11.536974
D:	1392.42	12.450505	11.536974
D:	1394.24	12.450505	11.536974
D:	1396.05	12.499255	11.536974
D:	1397.80	12.499255	11.340046
D:	1399.68	12.499255	11.340046
D:	1401.46	12.499255	11.340046
D:	1403.17	12.499255	11.340046
D:	1404.94	12.499255	11.340046
D:	1406.66	12.264880	11.300660
D:	1408.48	12.264880	11.300660
D:	1410.24	12.264880	11.300660
D:	1411.99	12.264880	11.300660
D:	1413.77	12.264880	11.300660
D:	1415.58	12.218005	11.300660
D:	1417.43	12.218005	11.536909
D:	1419.16	12.218005	11.536909
D:	1420.97	12.218005	11.536909
D:	1422.77	12.218005	11.536909
D:	1424.52	12.218005	11.536909
D:	1426.28	12.208630	11.340033
D:	1428.08	12.208630	11.340033
D:	1429.90	12.208630	11.340033
D:	1431.66	12.208630	11.340033
D:	1433.44	12.208630	11.340033
D:	1435.25	12.206755	11.340033
D:	1437.03	12.206755	11.300657
D:	1438.78	12.206755	11.300657
D:	1440.50	12.206755	11.300657
D:	1442.29	12.206755	11.300657
D:	1444.00	12.206755	11.300657
D:	1445.84	12.450505	11.300657
D:	1447.56	12.450505	11.536909
D:	1449.34	12.450505	11.536909
D:	1451.20	12.450505	11.536909
D:	1453.02	12.450505	11.536909
D:	1454.77	12.450505	11.536909
D:	1456.57	12.255130	11.340033
D:	1458.29	12.255130	11.340033
D:	1460.03	12.255130	11.340033
D:	1461.77	12.255130	11.340033
D:	1463.48	12.255130	11.340033
D:	1465.25	12.460180	11.340033
D:	1467.11	12.460180	11.300657
D:	1468.88	12.460180	11.300657
D:	1470.62	12.460180	11.300657
D:	1472.36	12.460180	11.300657
D:	1474.15	12.460180	11.300657
D:	1475.91	12.257065	11.300657
D:	1477.70	12.257065	11.536909
D:	1479.46	12.257065	11.536909
D:	1481.26	12.257065	11.536909
D:	1483.09	12.257065	11.536909
D:	1484.87	12.257065	11.536909
D:	1486.64	12.216442	11.340033
D:	1488.43	12.216442	11.340033
D:	1490.19	12.216442	11.340033
D:	1492.22	12.216442	11.340033
D:	1494.21	12.216442	11.340033
D:	1496.01	12.208317	11.340033
D:	1497.77	12.208317	11.300657
D:	1499.68	12.208317	11.300657
D:	1501.46	12.208317	11.300657
D:	1503.22	12.208317	11.300657
D:	1505.01	12.208317	11.300657
D:	1506.80	12.206692	11.536909
D:	1508.55	12.206692	11.536909
D:	1510.30	12.206692	11.536909
D:	1512.01	12.206692	11.536909
D:	1513.95	12.206692	11.536909
D:	1515.78	12.450493	11.536909
D:	1517.82	12.450493	11.340033
D:	1519.57	12.450493	11.340033
D:	1521.36	12.450493	11.340033
D:	1523.13	12.450493	11.340033
D:	1524.91	12.450493	11.340033
D:	1526.65	12.499252	11.544784
D:	1528.41	12.499252	11.544784
D:	1530.26	12.499252	11.544784
D:	1532.16	12.499252	11.544784
D:	1534.05	12.499252	11.544784
D:	1535.88	12.264879	11.544784
D:	1537.68	12.264879	11.341608
D:	1539.40	12.264879	11.341608
D:	1541.19	12.264879	11.341608
D:	1543.02	12.264879	11.341608