Syntax version=4
Sun Feb 01 15:04:19 2026
Starting process (10000000 clocks per sec)

LogRawData=false
VarHeader=1
D:		MotorL.curOmega_Rad	MotorR.curOmega_Rad
D:	time(ms)	(0x20000114,6)	(0x20000094,6)
D:	0.07	12.206364	11.536896
D:	2.06	12.206364	11.536896
D:	3.81	12.206364	11.536896
D:	5.79	12.206364	11.536896
D:	7.61	12.206364	11.536896
D:	9.35	12.206302	11.536896
D:	11.39	12.206302	11.340030
D:	13.23	12.206302	11.340030
D:	15.05	12.206302	11.340030
D:	16.76	12.206302	11.340030
D:	18.49	12.206302	11.340030
D:	20.22	12.206289	11.300657
D:	21.95	12.206289	11.300657
D:	23.85	12.206289	11.300657
D:	25.60	12.206289	11.300657
D:	27.31	12.206289	11.300657
D:	29.05	12.206286	11.300657
D:	30.80	12.206286	11.536909
D:	32.52	12.206286	11.536909
D:	34.24	12.206286	11.536909
D:	35.96	12.206286	11.536909
D:	37.66	12.206286	11.536909
D:	39.42	12.206286	11.536909
D:	41.22	12.206286	11.340033
D:	42.95	12.206286	11.340033
D:	44.66	12.206286	11.340033
D:	46.38	12.206286	11.340033
D:	48.12	12.206286	11.340033
D:	49.82	12.450412	11.340033
D:	51.52	12.450412	11.300657
D:	53.23	12.450412	11.300657
D:	54.95	12.450412	11.300657
D:	56.78	12.450412	11.300657
D:	58.49	12.450412	11.300657
D:	60.18	12.255112	11.292782
D:	61.95	12.255112	11.292782
D:	63.66	12.255112	11.292782
D:	65.34	12.255112	11.292782
D:	67.08	12.255112	11.292782
D:	68.78	12.255112	11.292782
D:	70.46	12.216051	11.291207
D:	72.25	12.216051	11.291207
D:	74.03	12.216051	11.291207
D:	75.76	12.216051	11.291207
D:	77.53	12.216051	11.291207
D:	79.21	12.208239	11.291207
D:	80.97	12.208239	11.535019
D:	82.68	12.208239	11.535019
D:	84.38	12.208239	11.535019
D:	86.10	12.208239	11.535019
D:	88.01	12.208239	11.535019
D:	89.85	12.206676	11.535019
D:	91.81	12.206676	11.339655
D:	93.80	12.206676	11.339655
D:	95.61	12.206676	11.339655
D:	97.29	12.206676	11.339655
D:	98.99	12.206364	11.339655
D:	100.76	12.206364	11.300582
D:	102.48	12.206364	11.300582
D:	104.23	12.206364	11.300582
D:	106.21	12.206364	11.300582
D:	108.06	12.206364	11.300582
D:	109.89	12.206302	11.300582
D:	111.65	12.206302	11.536894
D:	113.34	12.206302	11.536894
D:	115.09	12.206302	11.536894
D:	116.76	12.206302	11.536894
D:	118.62	12.206302	11.536894
D:	120.40	12.206289	11.340030
D:	122.19	12.206289	11.340030
D:	124.04	12.206289	11.340030
D:	125.76	12.206289	11.340030
D:	127.42	12.206289	11.340030
D:	129.17	12.206286	11.340030
D:	130.86	12.206286	11.300657
D:	132.58	12.206286	11.300657
D:	134.36	12.206286	11.300657
D:	136.20	12.206286	11.300657
D:	137.95	12.206286	11.300657
D:	139.83	12.206286	11.300657
D:	141.57	12.206286	11.536909
D:	143.28	12.206286	11.536909
D:	145.00	12.206286	11.536909
D:	146.76	12.206286	11.536909
D:	148.47	12.206286	11.536909
D:	150.30	12.206286	11.340033
D:	151.99	12.206286	11.340033
D:	153.75	12.206286	11.340033
D:	155.44	12.206286	11.340033
D:	157.25	12.206286	11.340033
D:	158.96	12.206286	11.340033
D:	160.65	12.206286	11.300657
D:	162.41	12.206286	11.300657
D:	164.18	12.206286	11.300657
D:	166.29	12.206286	11.300657
D:	168.16	12.206286	11.300657
D:	169.86	12.206286	11.300657
D:	171.72	12.206286	11.292782
D:	173.68	12.206286	11.292782
D:	175.48	12.206286	11.292782
D:	177.22	12.206286	11.292782
D:	179.00	12.206286	11.292782
D:	180.76	12.206286	11.291207
D:	182.49	12.206286	11.291207
D:	184.25	12.206286	11.291207
D:	185.96	12.206286	11.291207
D:	187.67	12.206286	11.291207
D:	189.54	12.206286	11.291207
D:	191.33	12.206286	11.535019
D:	193.16	12.206286	11.535019
D:	194.95	12.206286	11.535019
D:	196.76	12.206286	11.535019
D:	198.51	12.206286	11.535019
D:	200.21	12.206286	11.339655
D:	201.95	12.206286	11.339655
D:	203.66	12.206286	11.339655
D:	205.36	12.206286	11.339655
D:	207.36	12.206286	11.339655
D:	209.21	12.206286	11.339655
D:	210.95	12.206286	11.300582
D:	212.90	12.206286	11.300582
D:	214.56	12.206286	11.300582
D:	216.27	12.206286	11.300582
D:	217.95	12.206286	11.300582
D:	219.64	12.206286	11.300582
D:	221.36	12.206286	11.536894
D:	223.20	12.206286	11.536894
D:	225.04	12.206286	11.536894
D:	226.81	12.206286	11.536894
D:	228.66	12.206286	11.536894
D:	230.41	12.206286	11.340030
D:	232.35	12.206286	11.340030
D:	234.09	12.206286	11.340030
D:	235.76	12.206286	11.340030
D:	237.46	12.206286	11.340030
D:	239.38	12.206286	11.340030
D:	241.25	12.206286	11.300657
D:	242.96	12.206286	11.300657
D:	245.04	12.206286	11.300657
D:	246.85	12.206286	11.300657
D:	248.83	12.206286	11.300657
D:	250.59	12.206286	11.536909
D:	252.43	12.206286	11.536909
D:	254.20	12.206286	11.536909
D:	256.10	12.206286	11.536909
D:	257.90	12.206286	11.536909
D:	259.61	12.450412	11.536909
D:	261.29	12.450412	11.340033
D:	262.99	12.450412	11.340033
D:	264.68	12.450412	11.340033
D:	266.39	12.450412	11.340033
D:	268.16	12.450412	11.340033
D:	269.99	12.255112	11.300657
D:	271.67	12.255112	11.300657
D:	273.48	12.255112	11.300657
D:	275.29	12.255112	11.300657
D:	277.11	12.255112	11.300657
D:	278.95	12.216051	11.300657
D:	280.66	12.216051	11.536909
D:	282.36	12.216051	11.536909
D:	284.14	12.216051	11.536909
D:	285.90	12.216051	11.536909
D:	287.64	12.216051	11.536909
D:	289.39	12.208239	11.536909
D:	291.27	12.208239	11.095907
D:	293.00	12.208239	11.095907
D:	294.75	12.208239	11.095907
D:	296.46	12.208239	11.095907
D:	298.18	12.208239	11.095907
D:	299.86	12.206676	11.095907
D:	301.54	12.206676	11.495958
D:	303.24	12.206676	11.495958
D:	304.95	12.206676	11.495958
D:	306.96	12.206676	11.495958
D:	308.67	12.206676	11.495958
D:	310.36	12.206364	11.331842
D:	312.11	12.206364	11.331842
D:	313.79	12.206364	11.331842
D:	315.49	12.206364	11.331842
D:	317.22	12.206364	11.331842
D:	318.95	12.206302	11.331842
D:	320.76	12.206302	11.299019
D:	322.53	12.206302	11.299019
D:	324.35	12.206302	11.299019
D:	326.10	12.206302	11.299019
D:	327.86	12.206302	11.299019
D:	329.54	12.206289	11.299019
D:	331.26	12.206289	11.536581
D:	332.95	12.206289	11.536581
D:	334.66	12.206289	11.536581
D:	336.43	12.206289	11.536581
D:	338.40	12.206289	11.536581
D:	340.26	12.206286	11.339967
D:	342.07	12.206286	11.339967
D:	343.79	12.206286	11.339967
D:	345.47	12.206286	11.339967
D:	347.21	12.206286	11.339967
D:	348.95	12.206286	11.339967
D:	350.65	12.206286	11.300644
D:	352.36	12.206286	11.300644
D:	354.13	12.206286	11.300644
D:	355.88	12.206286	11.300644
D:	357.69	12.206286	11.300644
D:	359.38	12.206286	11.300644
D:	361.12	12.206286	11.536906
D:	362.95	12.206286	11.536906
D:	364.66	12.206286	11.536906
D:	366.38	12.206286	11.536906
D:	368.08	12.206286	11.536906
D:	369.82	12.206286	11.536906
D:	371.53	12.206286	11.340033
D:	373.36	12.206286	11.340033
D:	375.18	12.206286	11.340033
D:	376.86	12.206286	11.340033
D:	378.54	12.206286	11.340033
D:	380.24	12.450412	11.300657
D:	381.95	12.450412	11.300657
D:	383.82	12.450412	11.300657
D:	385.57	12.450412	11.300657
D:	387.28	12.450412	11.300657
D:	388.96	12.255112	11.300657
D:	390.76	12.255112	11.536909
D:	392.46	12.255112	11.536909
D:	394.16	12.255112	11.536909
D:	395.86	12.255112	11.536909
D:	397.53	12.255112	11.536909
D:	399.28	12.216051	11.536909
D:	400.96	12.216051	11.340033
D:	402.66	12.216051	11.340033
D:	404.38	12.216051	11.340033
D:	406.18	12.216051	11.340033
D:	407.96	12.216051	11.340033
D:	409.64	12.208239	11.340033
D:	411.34	12.208239	11.300657
D:	413.09	12.208239	11.300657
D:	414.83	12.208239	11.300657
D:	416.51	12.208239	11.300657
D:	418.21	12.208239	11.300657
D:	419.95	12.206676	11.536909
D:	421.65	12.206676	11.536909
D:	423.45	12.206676	11.536909
D:	425.17	12.206676	11.536909
D:	426.89	12.206676	11.536909
D:	428.61	12.206676	11.536909
D:	430.48	12.206364	11.340033
D:	432.17	12.206364	11.340033
D:	433.92	12.206364	11.340033
D:	435.62	12.206364	11.340033
D:	437.33	12.206364	11.340033
D:	439.12	12.206302	11.340033
D:	440.90	12.206302	11.300657
D:	442.61	12.206302	11.300657
D:	444.29	12.206302	11.300657
D:	446.04	12.206302	11.300657
D:	447.78	12.206302	11.300657
D:	449.53	12.206289	11.300657
D:	451.26	12.206289	11.292782
D:	453.07	12.206289	11.292782
D:	454.76	12.206289	11.292782
D:	456.51	12.206289	11.292782
D:	458.24	12.206289	11.292782
D:	459.97	12.206286	11.535334
D:	461.76	12.206286	11.535334
D:	463.46	12.206286	11.535334
D:	465.18	12.206286	11.535334
D:	466.96	12.206286	11.535334
D:	468.64	12.206286	11.535334
D:	470.35	12.206286	11.339718
D:	472.10	12.206286	11.339718
D:	473.87	12.206286	11.339718
D:	475.57	12.206286	11.339718
D:	477.32	12.206286	11.339718
D:	479.08	12.206286	11.339718
D:	480.78	12.206286	11.300594
D:	482.53	12.206286	11.300594
D:	484.25	12.206286	11.300594
D:	486.01	12.206286	11.300594
D:	487.76	12.206286	11.300594
D:	489.69	12.206286	11.300594
D:	491.42	12.206286	11.292769
D:	493.26	12.206286	11.292769
D:	495.14	12.206286	11.292769
D:	496.86	12.206286	11.292769
D:	498.53	12.206286	11.292769
D:	500.28	12.206286	11.535331
D:	501.97	12.206286	11.535331
D:	503.68	12.206286	11.535331
D:	505.36	12.206286	11.535331
D:	507.25	12.206286	11.535331
D:	509.03	12.206286	11.535331
D:	510.78	12.206286	11.339717
D:	512.48	12.206286	11.339717
D:	514.18	12.206286	11.339717
D:	515.90	12.206286	11.339717
D:	517.62	12.206286	11.339717
D:	519.33	12.206286	11.339717
D:	521.08	12.206286	11.300594
D:	522.97	12.206286	11.300594
D:	524.98	12.206286	11.300594
D:	526.80	12.206286	11.300594
D:	528.48	12.206286	11.300594
D:	530.21	12.206286	11.536896
D:	531.95	12.206286	11.536896
D:	533.62	12.206286	11.536896
D:	535.34	12.206286	11.536896
D:	537.08	12.206286	11.536896
D:	538.78	12.206286	11.536896
D:	540.54	12.206286	11.340030
D:	542.28	12.206286	11.340030
D:	544.03	12.206286	11.340030
D:	545.75	12.206286	11.340030
D:	547.53	12.206286	11.340030
D:	549.21	12.206286	11.340030
D:	550.95	12.206286	11.300657
D:	552.64	12.206286	11.300657
D:	554.58	12.206286	11.300657
D:	556.52	12.206286	11.300657
D:	558.27	12.206286	11.300657
D:	559.98	12.206286	11.536909
D:	561.68	12.206286	11.536909
D:	563.36	12.206286	11.536909
D:	565.10	12.206286	11.536909
D:	566.80	12.206286	11.536909
D:	568.49	12.206286	11.536909
D:	570.45	12.206286	11.340033
D:	572.21	12.206286	11.340033
D:	574.00	12.206286	11.340033
D:	575.75	12.206286	11.340033
D:	577.44	12.206286	11.340033
D:	579.18	12.206286	11.340033
D:	580.86	12.206286	11.300657
D:	582.58	12.206286	11.300657
D:	584.31	12.206286	11.300657
D:	586.15	12.206286	11.300657
D:	587.95	12.206286	11.300657
D:	589.61	12.206286	11.300657
D:	591.23	12.206286	11.292782
D:	592.78	12.206286	11.292782
D:	594.32	12.206286	11.292782
D:	595.92	12.206286	11.292782
D:	597.46	12.206286	11.292782
D:	599.04	12.206286	11.292782
D:	600.74	12.206286	11.535334
D:	602.38	12.206286	11.535334
D:	603.92	12.206286	11.535334
D:	605.45	12.206286	11.535334
D:	607.33	12.206286	11.535334
D:	608.94	12.206286	11.535334
D:	610.47	12.206286	11.339718
D:	612.00	12.206286	11.339718
D:	613.53	12.206286	11.339718
D:	615.06	12.206286	11.339718
D:	616.73	12.206286	11.339718
D:	618.28	12.206286	11.339718
D:	619.83	12.206286	11.339718
D:	621.35	12.206286	11.300594
D:	622.97	12.206286	11.300594
D:	624.54	12.206286	11.300594
D:	626.08	12.206286	11.300594
D:	627.67	12.206286	11.300594
D:	629.22	12.206286	11.300594
D:	630.79	12.206286	11.292769
D:	632.36	12.206286	11.292769
D:	634.00	12.206286	11.292769
D:	635.53	12.206286	11.292769
D:	637.05	12.206286	11.292769
D:	638.59	12.206286	11.292769
D:	640.16	12.206286	11.535331
D:	641.73	12.206286	11.535331
D:	643.27	12.206286	11.535331
D:	644.83	12.206286	11.535331
D:	646.35	12.206286	11.535331
D:	647.96	12.206286	11.535331
D:	649.54	12.206286	11.535331
D:	651.09	12.206286	11.339717
D:	652.63	12.206286	11.339717
D:	654.19	12.206286	11.339717
D:	655.73	12.206286	11.339717
D:	657.33	12.206286	11.339717
D:	659.10	12.206286	11.339717
D:	660.81	12.206286	11.300594
D:	662.57	12.206286	11.300594
D:	664.27	12.206286	11.300594
D:	665.96	12.206286	11.300594
D:	667.64	12.206286	11.300594
D:	669.34	12.206286	11.300594
D:	671.09	12.206286	11.536896
D:	672.79	12.206286	11.536896
D:	674.80	12.206286	11.536896
D:	676.54	12.206286	11.536896
D:	678.27	12.206286	11.536896
D:	680.14	12.206286	11.340030
D:	681.87	12.206286	11.340030
D:	683.60	12.206286	11.340030
D:	685.30	12.206286	11.340030
D:	687.08	12.206286	11.340030
D:	688.78	12.206286	11.340030
D:	690.59	12.206286	11.300657
D:	692.28	12.206286	11.300657
D:	694.22	12.206286	11.300657
D:	695.81	12.206286	11.300657
D:	697.36	12.206286	11.300657
D:	698.92	12.206286	11.300657
D:	700.47	12.206286	11.536909
D:	702.01	12.206286	11.536909
D:	703.53	12.206286	11.536909
D:	705.09	12.206286	11.536909
D:	706.88	12.206286	11.536909
D:	708.45	12.206286	11.536909
D:	710.03	12.206286	11.340033
D:	711.64	12.206286	11.340033
D:	713.19	12.206286	11.340033
D:	714.77	12.206286	11.340033
D:	716.30	12.206286	11.340033
D:	717.83	12.206286	11.340033
D:	719.36	12.206286	11.340033
D:	720.92	12.206286	11.300657
D:	722.46	12.206286	11.300657
D:	724.04	12.206286	11.300657
D:	725.61	12.206286	11.300657
D:	727.19	12.206286	11.300657
D:	728.73	12.206286	11.300657
D:	730.27	12.206286	11.536909
D:	731.83	12.206286	11.536909
D:	733.35	12.206286	11.536909
D:	734.94	12.206286	11.536909
D:	736.49	12.206286	11.536909
D:	738.01	12.206286	11.536909
D:	739.54	12.206286	11.536909
D:	741.22	12.206286	11.340033
D:	742.81	12.206286	11.340033
D:	744.35	12.206286	11.340033
D:	745.91	12.206286	11.340033
D:	747.66	12.206286	11.340033
D:	749.37	12.206286	11.340033
D:	751.15	12.206286	11.300657
D:	752.86	12.206286	11.300657
D:	754.61	12.206286	11.300657
D:	756.30	12.206286	11.300657
D:	758.22	12.206286	11.300657
D:	760.07	12.206286	11.292782
D:	761.92	12.206286	11.292782
D:	763.64	12.206286	11.292782
D:	765.35	12.206286	11.292782
D:	767.10	12.206286	11.292782
D:	768.80	12.206286	11.292782
D:	770.58	12.206286	11.291207
D:	772.41	12.206286	11.291207
D:	774.21	12.206286	11.291207
D:	776.00	12.206286	11.291207
D:	777.75	12.206286	11.291207
D:	779.46	12.206286	11.291207
D:	781.16	12.206286	11.535019
D:	782.86	12.206286	11.535019
D:	784.54	12.206286	11.535019
D:	786.24	12.206286	11.535019
D:	787.95	12.206286	11.535019
D:	789.71	12.206286	11.535019
D:	791.52	12.206286	11.339655
D:	793.23	12.206286	11.339655
D:	794.96	12.206286	11.339655
D:	796.64	12.206286	11.339655
D:	798.38	12.206286	11.339655
D:	800.16	12.450412	11.300582
D:	801.86	12.450412	11.300582
D:	803.59	12.450412	11.300582
D:	805.29	12.450412	11.300582
D:	807.08	12.450412	11.300582
D:	808.77	12.450412	11.300582
D:	810.48	12.255112	11.536894
D:	812.18	12.255112	11.536894
D:	813.97	12.255112	11.536894
D:	815.68	12.255112	11.536894
D:	817.38	12.255112	11.536894
D:	819.11	12.216051	11.536894
D:	820.86	12.216051	11.340030
D:	822.54	12.216051	11.340030
D:	824.28	12.216051	11.340030
D:	826.01	12.216051	11.340030
D:	827.75	12.216051	11.340030
D:	829.48	12.208239	11.340030
D:	831.22	12.208239	11.300657
D:	832.96	12.208239	11.300657
D:	834.88	12.208239	11.300657
D:	836.58	12.208239	11.300657
D:	838.27	12.208239	11.300657
D:	840.20	12.206676	11.536909
D:	842.00	12.206676	11.536909
D:	843.75	12.206676	11.536909
D:	845.45	12.206676	11.536909
D:	847.16	12.206676	11.536909
D:	848.86	12.206676	11.536909
D:	850.57	12.206364	11.340033
D:	852.31	12.206364	11.340033
D:	854.03	12.206364	11.340033
D:	855.75	12.206364	11.340033
D:	857.51	12.206364	11.340033
D:	859.21	12.206302	11.340033
D:	860.94	12.206302	11.300657
D:	862.65	12.206302	11.300657
D:	864.33	12.206302	11.300657
D:	866.26	12.206302	11.300657
D:	867.99	12.206302	11.300657
D:	869.66	12.206289	11.300657
D:	871.35	12.206289	11.536909
D:	873.16	12.206289	11.536909
D:	875.04	12.206289	11.536909
D:	876.76	12.206289	11.536909
D:	878.45	12.206289	11.536909
D:	880.16	12.206286	11.340033
D:	881.87	12.206286	11.340033
D:	883.58	12.206286	11.340033
D:	885.28	12.206286	11.340033
D:	886.96	12.206286	11.340033
D:	888.68	12.206286	11.340033
D:	890.43	12.206286	11.300657
D:	892.18	12.206286	11.300657
D:	893.95	12.206286	11.300657
D:	895.96	12.206286	11.300657
D:	897.85	12.206286	11.300657
D:	899.76	12.206286	11.300657
D:	901.49	12.206286	11.292782
D:	903.26	12.206286	11.292782
D:	904.95	12.206286	11.292782
D:	906.83	12.206286	11.292782
D:	908.63	12.206286	11.292782
D:	910.36	12.206286	11.535334
D:	912.38	12.206286	11.535334
D:	914.17	12.206286	11.535334
D:	915.91	12.206286	11.535334
D:	917.62	12.206286	11.535334
D:	919.33	12.206286	11.535334
D:	921.09	12.206286	11.339718
D:	922.80	12.206286	11.339718
D:	924.60	12.206286	11.339718
D:	926.36	12.206286	11.339718
D:	928.33	12.206286	11.339718
D:	930.11	12.206286	11.300594
D:	931.80	12.206286	11.300594
D:	933.52	12.206286	11.300594
D:	935.31	12.206286	11.300594
D:	937.08	12.206286	11.300594
D:	938.86	12.450412	11.300594
D:	940.61	12.450412	11.292769
D:	942.31	12.450412	11.292769
D:	944.04	12.450412	11.292769
D:	945.78	12.450412	11.292769
D:	947.48	12.450412	11.292769
D:	949.18	12.255112	11.292769
D:	950.99	12.255112	11.535331
D:	952.76	12.255112	11.535331
D:	954.43	12.255112	11.535331
D:	956.25	12.255112	11.535331
D:	958.06	12.255112	11.535331
D:	959.98	12.216051	11.339717
D:	961.75	12.216051	11.339717
D:	963.46	12.216051	11.339717
D:	965.18	12.216051	11.339717
D:	966.88	12.216051	11.339717
D:	968.58	12.216051	11.339717
D:	970.26	12.208239	11.300594
D:	971.95	12.208239	11.300594
D:	973.83	12.208239	11.300594
D:	975.76	12.208239	11.300594
D:	977.46	12.208239	11.300594
D:	979.18	12.206676	11.300594
D:	980.88	12.206676	11.536896
D:	982.56	12.206676	11.536896
D:	984.23	12.206676	11.536896
D:	985.95	12.206676	11.536896
D:	987.64	12.206676	11.536896
D:	989.34	12.206364	11.536896
D:	991.17	12.206364	11.340030
D:	992.86	12.206364	11.340030
D:	994.59	12.206364	11.340030
D:	996.34	12.206364	11.340030
D:	998.11	12.206364	11.340030
D:	999.79	12.206302	11.340030
D:	1001.53	12.206302	11.300657
D:	1003.28	12.206302	11.300657
D:	1004.99	12.206302	11.300657
D:	1006.82	12.206302	11.300657
D:	1008.52	12.206302	11.300657
D:	1010.28	12.206289	11.536909
D:	1011.99	12.206289	11.536909
D:	1013.75	12.206289	11.536909
D:	1015.45	12.206289	11.536909
D:	1017.18	12.206289	11.536909
D:	1018.91	12.206286	11.536909
D:	1020.62	12.206286	11.340033
D:	1022.38	12.206286	11.340033
D:	1024.24	12.206286	11.340033
D:	1026.18	12.206286	11.340033
D:	1027.88	12.206286	11.340033
D:	1029.60	12.206286	11.340033
D:	1031.29	12.206286	11.300657
D:	1032.99	12.206286	11.300657
D:	1034.75	12.206286	11.300657
D:	1036.44	12.206286	11.300657
D:	1038.18	12.206286	11.300657
D:	1040.02	12.206286	11.536909
D:	1041.81	12.206286	11.536909
D:	1043.51	12.206286	11.536909
D:	1045.21	12.206286	11.536909
D:	1046.95	12.206286	11.536909
D:	1048.66	12.206286	11.536909
D:	1050.34	12.206286	11.340033
D:	1052.15	12.206286	11.340033
D:	1053.91	12.206286	11.340033
D:	1055.84	12.206286	11.340033
D:	1057.64	12.206286	11.340033
D:	1059.34	12.206286	11.340033
D:	1061.12	12.206286	11.300657
D:	1062.93	12.206286	11.300657